3.0 0.24401041666666667 0.33425925925925926 0.23489583333333333 0.2796296296296296 
3.0 0.3171875 0.31157407407407406 0.24166666666666667 0.24722222222222223 
3.0 0.3450520833333333 0.36712962962962964 0.26197916666666665 0.2898148148148148 
3.0 0.40598958333333335 0.3472222222222222 0.3140625 0.2777777777777778 
3.0 0.4825520833333333 0.3148148148148148 0.36822916666666666 0.27037037037037037 
3.0 0.06171875 0.28194444444444444 0.09114583333333333 0.22870370370370371 
2.0 0.2872395833333333 0.3962962962962963 0.21927083333333333 0.29444444444444445 
2.0 0.2989583333333333 0.43796296296296294 0.2520833333333333 0.34444444444444444 
2.0 0.48541666666666666 0.44166666666666665 0.3885416666666667 0.3425925925925926 
2.0 0.022395833333333334 0.38981481481481484 0.04479166666666667 0.3074074074074074 
2.0 0.058333333333333334 0.34953703703703703 0.08333333333333333 0.2712962962962963 
