3.0 0.5575520833333333 0.2657407407407407 0.40677083333333336 0.21481481481481482 
3.0 0.5140625 0.25925925925925924 0.365625 0.20925925925925926 
3.0 0.45729166666666665 0.26481481481481484 0.35104166666666664 0.2222222222222222 
3.0 0.36822916666666666 0.2574074074074074 0.2989583333333333 0.21666666666666667 
3.0 0.3338541666666667 0.25925925925925924 0.24895833333333334 0.2 
3.0 0.30078125 0.2601851851851852 0.2359375 0.21296296296296297 
3.0 0.34348958333333335 0.3648148148148148 0.2484375 0.2814814814814815 
3.0 0.38723958333333336 0.3125 0.29010416666666666 0.24166666666666667 
3.0 0.4421875 0.47638888888888886 0.32395833333333335 0.3509259259259259 
3.0 0.53203125 0.6226851851851852 0.3776041666666667 0.44537037037037036 
