3.0 0.0234375 0.23472222222222222 0.03229166666666667 0.18425925925925926 
3.0 0.015364583333333333 0.2111111111111111 0.030729166666666665 0.16296296296296298 
3.0 0.07994791666666666 0.21898148148148147 0.09427083333333333 0.18425925925925926 
3.0 0.12395833333333334 0.2064814814814815 0.10729166666666666 0.1685185185185185 
3.0 0.16067708333333333 0.1935185185185185 0.14114583333333333 0.17962962962962964 
3.0 0.19921875 0.24027777777777778 0.15572916666666667 0.19722222222222222 
3.0 0.26223958333333336 0.18194444444444444 0.2078125 0.16018518518518518 
3.0 0.26536458333333335 0.2412037037037037 0.20989583333333334 0.19166666666666668 
3.0 0.30494791666666665 0.19398148148148148 0.22552083333333334 0.1638888888888889 
3.0 0.34479166666666666 0.1865740740740741 0.25 0.1527777777777778 
3.0 0.3890625 0.18287037037037038 0.28958333333333336 0.1527777777777778 
3.0 0.49140625 0.24768518518518517 0.34322916666666664 0.18796296296296297 
3.0 0.5231770833333333 0.21574074074074073 0.37447916666666664 0.18888888888888888 
3.0 0.6796875 0.20972222222222223 0.475 0.18796296296296297 
3.0 0.7276041666666667 0.20046296296296295 0.5010416666666667 0.1787037037037037 
9.0 0.10078125 0.3351851851851852 0.3046875 0.34814814814814815 
9.0 0.4119791666666667 0.3486111111111111 0.5395833333333333 0.33796296296296297 
