3.0 0.09088541666666666 0.31712962962962965 0.08802083333333334 0.24722222222222223 
3.0 0.46822916666666664 0.32592592592592595 0.35833333333333334 0.2574074074074074 
3.0 0.5510416666666667 0.2912037037037037 0.38958333333333334 0.2212962962962963 
3.0 0.5877604166666667 0.3388888888888889 0.4171875 0.2574074074074074 
3.0 0.6963541666666667 0.3398148148148148 0.48854166666666665 0.25555555555555554 
3.0 0.6177083333333333 0.38055555555555554 0.434375 0.30185185185185187 
3.0 0.27890625 0.3236111111111111 0.21822916666666667 0.25462962962962965 
3.0 0.19661458333333334 0.3337962962962963 0.1578125 0.25833333333333336 
3.0 0.365625 0.3388888888888889 0.25833333333333336 0.2518518518518518 
3.0 0.4356770833333333 0.3416666666666667 0.31927083333333334 0.2611111111111111 
