3.0 0.11666666666666667 0.3296296296296296 0.10104166666666667 0.24074074074074073 
3.0 0.53359375 0.30833333333333335 0.3859375 0.23703703703703705 
3.0 0.5770833333333333 0.36574074074074076 0.403125 0.26481481481481484 
3.0 0.61171875 0.30925925925925923 0.42864583333333334 0.23703703703703705 
3.0 0.38255208333333335 0.28055555555555556 0.28177083333333336 0.22037037037037038 
3.0 0.4205729166666667 0.30833333333333335 0.3046875 0.23703703703703705 
2.0 0.4786458333333333 0.5361111111111111 0.43020833333333336 0.4685185185185185 
2.0 0.24114583333333334 0.39861111111111114 0.23854166666666668 0.3712962962962963 
4.0 0.29296875 0.2569444444444444 0.2453125 0.20833333333333334 
4.0 0.21979166666666666 0.25462962962962965 0.1875 0.20185185185185187 
