9.0 0.07317708333333334 0.30694444444444446 0.23802083333333332 0.30277777777777776 
9.0 0.31015625 0.31203703703703706 0.3234375 0.28888888888888886 
9.0 0.49140625 0.3333333333333333 0.4890625 0.31851851851851853 
3.0 0.675 0.26944444444444443 0.4739583333333333 0.2111111111111111 
3.0 0.69375 0.20787037037037037 0.49583333333333335 0.17685185185185184 
3.0 0.6294270833333333 0.1884259259259259 0.4661458333333333 0.1712962962962963 
3.0 0.5567708333333333 0.18935185185185185 0.41458333333333336 0.1787037037037037 
3.0 0.5052083333333334 0.1912037037037037 0.3854166666666667 0.1712962962962963 
3.0 0.48333333333333334 0.2273148148148148 0.35833333333333334 0.18611111111111112 
3.0 0.41692708333333334 0.17731481481481481 0.31927083333333334 0.16018518518518518 
3.0 0.3723958333333333 0.17777777777777778 0.2947916666666667 0.1574074074074074 
3.0 0.32578125 0.17592592592592593 0.24427083333333333 0.15 
3.0 0.28072916666666664 0.17222222222222222 0.23125 0.1574074074074074 
3.0 0.24635416666666668 0.17777777777777778 0.196875 0.1537037037037037 
3.0 0.23619791666666667 0.1875 0.1859375 0.1675925925925926 
3.0 0.17473958333333334 0.1824074074074074 0.1484375 0.15555555555555556 
3.0 0.13255208333333332 0.19444444444444445 0.13177083333333334 0.17777777777777778 
3.0 0.07760416666666667 0.20046296296296295 0.084375 0.1712962962962963 
3.0 0.02109375 0.1787037037037037 0.059895833333333336 0.18333333333333332 
