3.0 0.3106770833333333 0.23287037037037037 0.2557291666666667 0.19166666666666668 
3.0 0.37083333333333335 0.20185185185185187 0.2760416666666667 0.17407407407407408 
3.0 0.29375 0.18472222222222223 0.23333333333333334 0.1712962962962963 
3.0 0.25078125 0.18472222222222223 0.20052083333333334 0.1675925925925926 
3.0 0.22942708333333334 0.2263888888888889 0.19427083333333334 0.19166666666666668 
3.0 0.19583333333333333 0.18055555555555555 0.15729166666666666 0.1574074074074074 
3.0 0.14427083333333332 0.17175925925925925 0.11875 0.1398148148148148 
3.0 0.14921875 0.21296296296296297 0.12552083333333333 0.17037037037037037 
3.0 0.11432291666666666 0.17824074074074073 0.1046875 0.15462962962962962 
3.0 0.08802083333333334 0.17685185185185184 0.07708333333333334 0.1425925925925926 
3.0 0.09739583333333333 0.21805555555555556 0.08958333333333333 0.1787037037037037 
3.0 0.019791666666666666 0.2023148148148148 0.040625 0.1787037037037037 
9.0 0.08854166666666667 0.2916666666666667 0.20625 0.2722222222222222 
9.0 0.3216145833333333 0.300462962962963 0.30572916666666666 0.2490740740740741 
9.0 0.5020833333333333 0.3138888888888889 0.5302083333333333 0.29814814814814816 
