3.0 0.039322916666666666 0.2986111111111111 0.0859375 0.25462962962962965 
3.0 0.04765625 0.38101851851851853 0.1140625 0.33796296296296297 
3.0 0.14739583333333334 0.3226851851851852 0.175 0.30092592592592593 
3.0 0.18984375 0.2884259259259259 0.16302083333333334 0.2564814814814815 
3.0 0.25078125 0.30833333333333335 0.22447916666666667 0.2740740740740741 
3.0 0.3380208333333333 0.33101851851851855 0.28125 0.28425925925925927 
3.0 0.4328125 0.3199074074074074 0.3572916666666667 0.275 
3.0 0.6432291666666666 0.32314814814814813 0.48125 0.29074074074074074 
3.0 0.7109375 0.3300925925925926 0.5083333333333333 0.27314814814814814 
3.0 0.5627604166666667 0.3351851851851852 0.4317708333333333 0.2777777777777778 
