9.0 0.0828125 0.3435185185185185 0.17083333333333334 0.31666666666666665 
9.0 0.265625 0.3527777777777778 0.33645833333333336 0.34074074074074073 
9.0 0.49713541666666666 0.3597222222222222 0.5234375 0.325 
3.0 0.05911458333333333 0.20833333333333334 0.06614583333333333 0.17037037037037037 
3.0 0.022916666666666665 0.2175925925925926 0.05416666666666667 0.1814814814814815 
3.0 0.22682291666666668 0.2125 0.17864583333333334 0.175 
3.0 0.13307291666666668 0.20277777777777778 0.11614583333333334 0.1648148148148148 
3.0 0.5078125 0.23472222222222222 0.3645833333333333 0.18796296296296297 
3.0 0.6794270833333333 0.25416666666666665 0.4890625 0.2101851851851852 
3.0 0.4640625 0.23564814814814813 0.33958333333333335 0.19537037037037036 
