3.0 0.2755208333333333 0.22407407407407406 0.209375 0.1814814814814815 
3.0 0.24583333333333332 0.2222222222222222 0.18125 0.17407407407407408 
3.0 0.18020833333333333 0.2101851851851852 0.14791666666666667 0.1814814814814815 
3.0 0.11744791666666667 0.20694444444444443 0.0953125 0.15462962962962962 
3.0 0.11432291666666666 0.2351851851851852 0.09114583333333333 0.18333333333333332 
3.0 0.4953125 0.2310185185185185 0.3541666666666667 0.18055555555555555 
3.0 0.6997395833333333 0.2449074074074074 0.4942708333333333 0.19537037037037036 
9.0 0.103125 0.3189814814814815 0.2375 0.3101851851851852 
9.0 0.3190104166666667 0.33564814814814814 0.3338541666666667 0.31574074074074077 
9.0 0.5145833333333333 0.3388888888888889 0.5104166666666666 0.3351851851851852 
