8.0 0.10182291666666667 0.2847222222222222 0.2109375 0.3768518518518518 
3.0 0.39348958333333334 0.462037037037037 0.2911458333333333 0.3574074074074074 
3.0 0.43463541666666666 0.44675925925925924 0.3223958333333333 0.3453703703703704 
3.0 0.5072916666666667 0.43194444444444446 0.38333333333333336 0.3453703703703704 
3.0 0.57734375 0.46574074074074073 0.4088541666666667 0.35555555555555557 
3.0 0.5166666666666667 0.37546296296296294 0.36770833333333336 0.287962962962963 
3.0 0.5122395833333333 0.27685185185185185 0.3671875 0.23333333333333334 
3.0 0.5161458333333333 0.20046296296296295 0.38125 0.2361111111111111 
3.0 0.3768229166666667 0.24768518518518517 0.30364583333333334 0.262037037037037 
3.0 0.31953125 0.2574074074074074 0.26614583333333336 0.26481481481481484 
3.0 0.6572916666666667 0.26435185185185184 0.4947916666666667 0.25462962962962965 
