3.0 0.4015625 0.2810185185185185 0.29270833333333335 0.22870370370370371 
3.0 0.5484375 0.30416666666666664 0.3885416666666667 0.24537037037037038 
3.0 0.5033854166666667 0.29814814814814816 0.35885416666666664 0.2388888888888889 
3.0 0.43854166666666666 0.38564814814814813 0.325 0.2916666666666667 
3.0 0.20208333333333334 0.3277777777777778 0.16041666666666668 0.2518518518518518 
3.0 0.240625 0.28703703703703703 0.19479166666666667 0.2574074074074074 
3.0 0.3450520833333333 0.4935185185185185 0.2671875 0.37962962962962965 
3.0 0.11536458333333334 0.2759259259259259 0.10572916666666667 0.21481481481481482 
3.0 0.06484375 0.26990740740740743 0.06614583333333333 0.2101851851851852 
3.0 0.10052083333333334 0.30462962962962964 0.08958333333333333 0.22592592592592592 
3.0 0.1078125 0.35555555555555557 0.10208333333333333 0.26851851851851855 
3.0 0.6364583333333333 0.29583333333333334 0.44166666666666665 0.2212962962962963 
