3.0 0.35208333333333336 0.4425925925925926 0.28958333333333336 0.34629629629629627 
3.0 0.2596354166666667 0.4375 0.2359375 0.35462962962962963 
3.0 0.13958333333333334 0.41712962962962963 0.18645833333333334 0.3398148148148148 
3.0 0.04505208333333333 0.4199074074074074 0.0640625 0.3138888888888889 
3.0 0.015885416666666666 0.42685185185185187 0.03177083333333333 0.31666666666666665 
3.0 0.4390625 0.5138888888888888 0.33125 0.387037037037037 
3.0 0.6979166666666666 0.44212962962962965 0.50625 0.3527777777777778 
3.0 0.6346354166666667 0.44212962962962965 0.4921875 0.3861111111111111 
3.0 0.5369791666666667 0.4361111111111111 0.44166666666666665 0.362962962962963 
3.0 0.5114583333333333 0.5078703703703704 0.371875 0.3731481481481482 
3.0 0.3921875 0.4078703703703704 0.28854166666666664 0.2953703703703704 
3.0 0.33671875 0.3625 0.2557291666666667 0.28055555555555556 
3.0 0.2989583333333333 0.3712962962962963 0.25625 0.29259259259259257 
3.0 0.2546875 0.37777777777777777 0.20208333333333334 0.2796296296296296 
3.0 0.5463541666666667 0.5763888888888888 0.421875 0.425 
3.0 0.062239583333333334 0.5550925925925926 0.1296875 0.42685185185185187 
