3.0 0.03203125 0.19305555555555556 0.09010416666666667 0.17685185185185184 
3.0 0.14401041666666667 0.20879629629629629 0.14010416666666667 0.18055555555555555 
3.0 0.209375 0.21805555555555556 0.165625 0.175 
3.0 0.27682291666666664 0.2074074074074074 0.2234375 0.16666666666666666 
3.0 0.5809895833333333 0.22592592592592592 0.4328125 0.19814814814814816 
3.0 0.6434895833333333 0.22777777777777777 0.46510416666666665 0.20555555555555555 
3.0 0.39401041666666664 0.2361111111111111 0.31614583333333335 0.20555555555555555 
3.0 0.46848958333333335 0.22870370370370371 0.3463541666666667 0.18888888888888888 
9.0 0.09270833333333334 0.34074074074074073 0.20729166666666668 0.3592592592592593 
9.0 0.2921875 0.3611111111111111 0.31354166666666666 0.337037037037037 
9.0 0.49192708333333335 0.3611111111111111 0.4817708333333333 0.362962962962963 
