3.0 0.6802083333333333 0.2726851851851852 0.5135416666666667 0.28425925925925927 
3.0 0.5796875 0.19212962962962962 0.428125 0.18981481481481483 
3.0 0.5533854166666666 0.3111111111111111 0.4390625 0.2796296296296296 
3.0 0.4981770833333333 0.20092592592592592 0.36302083333333335 0.1814814814814815 
3.0 0.28567708333333336 0.22314814814814815 0.22239583333333332 0.17777777777777778 
3.0 0.14947916666666666 0.22314814814814815 0.13020833333333334 0.18333333333333332 
3.0 0.19348958333333333 0.22407407407407406 0.15052083333333333 0.17962962962962964 
3.0 0.25703125 0.22824074074074074 0.20572916666666666 0.18981481481481483 
2.0 0.30859375 0.2773148148148148 0.24739583333333334 0.22870370370370371 
2.0 0.20026041666666666 0.30925925925925923 0.1953125 0.2518518518518518 
2.0 0.19036458333333334 0.36898148148148147 0.2015625 0.30833333333333335 
2.0 0.0875 0.4726851851851852 0.15 0.43425925925925923 
