9.0 0.28151041666666665 0.24074074074074073 0.24010416666666667 0.19444444444444445 
9.0 0.18828125 0.2777777777777778 0.19947916666666668 0.23703703703703705 
9.0 0.04114583333333333 0.30787037037037035 0.12708333333333333 0.27314814814814814 
3.0 0.59296875 0.18009259259259258 0.4473958333333333 0.1712962962962963 
3.0 0.60625 0.27175925925925926 0.43645833333333334 0.2175925925925926 
3.0 0.528125 0.19953703703703704 0.39479166666666665 0.17685185185185184 
8.0 0.6627604166666666 0.24166666666666667 0.4953125 0.22962962962962963 
8.0 0.46171875 0.21944444444444444 0.3609375 0.19074074074074074 
3.0 0.10442708333333334 0.23194444444444445 0.10052083333333334 0.19166666666666668 
3.0 0.1421875 0.23472222222222222 0.12395833333333334 0.1787037037037037 
