3.0 0.16276041666666666 0.17407407407407408 0.15052083333333333 0.17222222222222222 
3.0 0.09895833333333333 0.1638888888888889 0.11354166666666667 0.1574074074074074 
3.0 0.049479166666666664 0.1625 0.06979166666666667 0.14351851851851852 
3.0 0.03802083333333333 0.2125 0.065625 0.18796296296296297 
3.0 0.12838541666666667 0.21805555555555556 0.12864583333333332 0.18425925925925926 
3.0 0.1828125 0.21481481481481482 0.153125 0.17407407407407408 
3.0 0.2359375 0.21944444444444444 0.19166666666666668 0.18333333333333332 
3.0 0.2903645833333333 0.20601851851851852 0.22760416666666666 0.18055555555555555 
3.0 0.33697916666666666 0.1912037037037037 0.25 0.17685185185185184 
3.0 0.42135416666666664 0.18564814814814815 0.334375 0.1787037037037037 
3.0 0.48776041666666664 0.1824074074074074 0.35989583333333336 0.17222222222222222 
3.0 0.5307291666666667 0.17592592592592593 0.3927083333333333 0.18518518518518517 
3.0 0.59375 0.1884259259259259 0.44895833333333335 0.17314814814814813 
3.0 0.6614583333333334 0.18981481481481483 0.478125 0.16296296296296298 
3.0 0.7078125 0.19953703703703704 0.5072916666666667 0.20833333333333334 
3.0 0.65625 0.22916666666666666 0.48125 0.21203703703703702 
9.0 0.08020833333333334 0.32685185185185184 0.20104166666666667 0.3055555555555556 
9.0 0.2955729166666667 0.33935185185185185 0.29739583333333336 0.2972222222222222 
9.0 0.4796875 0.33101851851851855 0.4708333333333333 0.3138888888888889 
