3.0 0.04765625 0.21296296296296297 0.08802083333333334 0.17777777777777778 
3.0 0.15234375 0.22407407407407406 0.14427083333333332 0.17962962962962964 
3.0 0.22994791666666667 0.1935185185185185 0.2203125 0.18518518518518517 
3.0 0.3796875 0.20462962962962963 0.3 0.18333333333333332 
3.0 0.6828125 0.20925925925925926 0.50625 0.17777777777777778 
3.0 0.5984375 0.17546296296296296 0.4270833333333333 0.14537037037037037 
3.0 0.5106770833333333 0.17962962962962964 0.38177083333333334 0.16111111111111112 
3.0 0.47682291666666665 0.19444444444444445 0.36302083333333335 0.18518518518518517 
9.0 0.08072916666666667 0.30092592592592593 0.2760416666666667 0.29814814814814816 
9.0 0.3927083333333333 0.3 0.4739583333333333 0.2833333333333333 
