8.0 0.33177083333333335 0.28379629629629627 0.25416666666666665 0.22685185185185186 
3.0 0.6544270833333333 0.29953703703703705 0.5046875 0.2564814814814815 
3.0 0.6375 0.3541666666666667 0.5208333333333334 0.32685185185185184 
3.0 0.5817708333333333 0.28055555555555556 0.43854166666666666 0.2518518518518518 
3.0 0.48802083333333335 0.27037037037037037 0.39895833333333336 0.25925925925925924 
3.0 0.44557291666666665 0.3236111111111111 0.33177083333333335 0.25462962962962965 
3.0 0.1640625 0.42268518518518516 0.140625 0.3101851851851852 
3.0 0.09375 0.4115740740740741 0.07916666666666666 0.2972222222222222 
3.0 0.11119791666666666 0.3763888888888889 0.09427083333333333 0.2712962962962963 
3.0 0.13515625 0.3398148148148148 0.12760416666666666 0.25925925925925924 
3.0 0.25078125 0.3476851851851852 0.19322916666666667 0.2675925925925926 
3.0 0.24505208333333334 0.30462962962962964 0.1890625 0.23703703703703705 
3.0 0.05390625 0.362962962962963 0.06927083333333334 0.2796296296296296 
