3.0 0.2596354166666667 0.3523148148148148 0.20677083333333332 0.287962962962963 
3.0 0.1546875 0.324537037037037 0.14166666666666666 0.2657407407407407 
3.0 0.20833333333333334 0.41712962962962963 0.2 0.3194444444444444 
3.0 0.17005208333333333 0.41388888888888886 0.14114583333333333 0.3351851851851852 
3.0 0.11536458333333334 0.4388888888888889 0.10885416666666667 0.32222222222222224 
3.0 0.018229166666666668 0.4263888888888889 0.06979166666666667 0.3398148148148148 
3.0 0.11041666666666666 0.5041666666666667 0.12708333333333333 0.39537037037037037 
3.0 0.027083333333333334 0.5467592592592593 0.10520833333333333 0.44722222222222224 
3.0 0.4734375 0.2518518518518518 0.34375 0.21666666666666667 
3.0 0.5729166666666666 0.28935185185185186 0.44583333333333336 0.25092592592592594 
2.0 0.29010416666666666 0.5189814814814815 0.2760416666666667 0.4287037037037037 
2.0 0.20026041666666666 0.6208333333333333 0.2765625 0.5064814814814815 
2.0 0.5770833333333333 0.5527777777777778 0.471875 0.5018518518518519 
