9.0 0.07369791666666667 0.31203703703703706 0.21822916666666667 0.3074074074074074 
9.0 0.29010416666666666 0.3138888888888889 0.3333333333333333 0.3055555555555556 
9.0 0.50234375 0.31574074074074077 0.5015625 0.3037037037037037 
3.0 0.6606770833333333 0.21944444444444444 0.46822916666666664 0.18518518518518517 
3.0 0.6932291666666667 0.2013888888888889 0.490625 0.1787037037037037 
3.0 0.6015625 0.19074074074074074 0.4197916666666667 0.15925925925925927 
3.0 0.5557291666666667 0.21296296296296297 0.4041666666666667 0.18333333333333332 
3.0 0.528125 0.2324074074074074 0.371875 0.18518518518518517 
3.0 0.4981770833333333 0.2125 0.35572916666666665 0.18425925925925926 
3.0 0.42265625 0.21064814814814814 0.31614583333333335 0.18055555555555555 
3.0 0.33645833333333336 0.2037037037037037 0.25833333333333336 0.17407407407407408 
3.0 0.30234375 0.20324074074074075 0.22760416666666666 0.17685185185185184 
3.0 0.22942708333333334 0.20092592592592592 0.18177083333333333 0.1685185185185185 
3.0 0.20520833333333333 0.22407407407407406 0.1625 0.18703703703703703 
3.0 0.15859375 0.20833333333333334 0.1328125 0.17962962962962964 
3.0 0.10807291666666667 0.2013888888888889 0.0921875 0.15462962962962962 
3.0 0.08489583333333334 0.225 0.08541666666666667 0.18703703703703703 
3.0 0.06197916666666667 0.19537037037037036 0.071875 0.16296296296296298 
3.0 0.050520833333333334 0.21157407407407408 0.075 0.20092592592592592 
