9.0 0.06328125 0.3486111111111111 0.20677083333333332 0.3509259259259259 
9.0 0.3109375 0.3731481481481482 0.43020833333333336 0.37037037037037035 
3.0 0.7098958333333333 0.25324074074074077 0.5125 0.21944444444444444 
3.0 0.6526041666666667 0.25416666666666665 0.465625 0.20277777777777778 
3.0 0.62109375 0.24675925925925926 0.4546875 0.21388888888888888 
3.0 0.5908854166666667 0.23935185185185184 0.42864583333333334 0.20833333333333334 
3.0 0.5533854166666666 0.23333333333333334 0.3984375 0.18703703703703703 
3.0 0.4973958333333333 0.24259259259259258 0.36354166666666665 0.1962962962962963 
3.0 0.3890625 0.21574074074074073 0.2989583333333333 0.17777777777777778 
3.0 0.3299479166666667 0.225 0.2546875 0.19074074074074074 
3.0 0.30442708333333335 0.22685185185185186 0.22552083333333334 0.17407407407407408 
3.0 0.25625 0.225 0.19375 0.18703703703703703 
3.0 0.23229166666666667 0.22175925925925927 0.17916666666666667 0.1824074074074074 
3.0 0.19947916666666668 0.21435185185185185 0.1625 0.17685185185185184 
3.0 0.13125 0.2310185185185185 0.11145833333333334 0.1935185185185185 
