3.0 0.1515625 0.33240740740740743 0.12604166666666666 0.25925925925925924 
3.0 0.08515625 0.33194444444444443 0.0796875 0.25092592592592594 
3.0 0.12760416666666666 0.3416666666666667 0.09375 0.24814814814814815 
3.0 0.27447916666666666 0.3087962962962963 0.20729166666666668 0.2324074074074074 
3.0 0.48723958333333334 0.33935185185185185 0.3609375 0.26944444444444443 
3.0 0.46822916666666664 0.35694444444444445 0.334375 0.2657407407407407 
3.0 0.43125 0.3472222222222222 0.31666666666666665 0.2740740740740741 
3.0 0.5265625 0.45046296296296295 0.39166666666666666 0.3453703703703704 
3.0 0.5989583333333334 0.4615740740740741 0.4427083333333333 0.35648148148148145 
3.0 0.28802083333333334 0.5717592592592593 0.2125 0.4083333333333333 
