3.0 0.6520833333333333 0.23472222222222222 0.49166666666666664 0.2064814814814815 
3.0 0.5578125 0.24259259259259258 0.41041666666666665 0.20555555555555555 
3.0 0.46328125 0.22407407407407406 0.3567708333333333 0.2 
3.0 0.403125 0.20694444444444443 0.31666666666666665 0.18611111111111112 
3.0 0.20104166666666667 0.21203703703703702 0.19166666666666668 0.18703703703703703 
2.0 0.5776041666666667 0.5032407407407408 0.546875 0.44537037037037036 
2.0 0.6434895833333333 0.41574074074074074 0.48072916666666665 0.3425925925925926 
2.0 0.40208333333333335 0.5027777777777778 0.365625 0.4111111111111111 
2.0 0.21145833333333333 0.6074074074074074 0.20416666666666666 0.4722222222222222 
2.0 0.029166666666666667 0.5069444444444444 0.065625 0.41388888888888886 
2.0 0.015104166666666667 0.36898148148148147 0.05 0.30462962962962964 
