3.0 0.5161458333333333 0.21712962962962962 0.3770833333333333 0.1712962962962963 
3.0 0.48854166666666665 0.24768518518518517 0.36666666666666664 0.20833333333333334 
3.0 0.4734375 0.2759259259259259 0.39375 0.25925925925925924 
3.0 0.6229166666666667 0.42268518518518516 0.4510416666666667 0.31574074074074077 
3.0 0.3921875 0.27546296296296297 0.29270833333333335 0.23055555555555557 
3.0 0.39010416666666664 0.40324074074074073 0.2989583333333333 0.33611111111111114 
3.0 0.3028645833333333 0.2689814814814815 0.24427083333333333 0.225 
3.0 0.32369791666666664 0.3111111111111111 0.2640625 0.25555555555555554 
3.0 0.24765625 0.2861111111111111 0.2140625 0.26666666666666666 
3.0 0.2721354166666667 0.3976851851851852 0.21822916666666667 0.3101851851851852 
3.0 0.24140625 0.4412037037037037 0.19947916666666668 0.33240740740740743 
3.0 0.3111979166666667 0.5768518518518518 0.2786458333333333 0.44074074074074077 
3.0 0.12786458333333334 0.3101851851851852 0.14322916666666666 0.25555555555555554 
3.0 0.0515625 0.43148148148148147 0.08645833333333333 0.3425925925925926 
3.0 0.13802083333333334 0.4439814814814815 0.134375 0.3472222222222222 
