3.0 0.44765625 0.31342592592592594 0.3296875 0.25833333333333336 
3.0 0.48854166666666665 0.33425925925925926 0.3697916666666667 0.26666666666666666 
3.0 0.55859375 0.34305555555555556 0.4171875 0.27870370370370373 
3.0 0.61484375 0.33101851851851855 0.45989583333333334 0.2972222222222222 
7.0 0.67265625 0.287962962962963 0.4984375 0.24444444444444444 
7.0 0.5578125 0.29768518518518516 0.42083333333333334 0.24351851851851852 
7.0 0.5072916666666667 0.2847222222222222 0.384375 0.24537037037037038 
2.0 0.31223958333333335 0.5078703703703704 0.24947916666666667 0.43425925925925923 
2.0 0.16588541666666667 0.487962962962963 0.19010416666666666 0.37777777777777777 
3.0 0.15104166666666666 0.4412037037037037 0.14375 0.3212962962962963 
3.0 0.23255208333333333 0.4023148148148148 0.16927083333333334 0.2953703703703704 
3.0 0.019010416666666665 0.3199074074074074 0.06510416666666667 0.2712962962962963 
