3.0 0.6645833333333333 0.23935185185185184 0.4791666666666667 0.19537037037037036 
3.0 0.54453125 0.23796296296296296 0.39947916666666666 0.18703703703703703 
3.0 0.48385416666666664 0.225 0.36354166666666665 0.19074074074074074 
3.0 0.44557291666666665 0.2300925925925926 0.3307291666666667 0.1935185185185185 
3.0 0.33958333333333335 0.23657407407407408 0.2708333333333333 0.1935185185185185 
3.0 0.4088541666666667 0.24953703703703703 0.29791666666666666 0.19722222222222222 
3.0 0.25026041666666665 0.2300925925925926 0.2078125 0.19166666666666668 
3.0 0.16171875 0.2439814814814815 0.13072916666666667 0.18796296296296297 
3.0 0.20833333333333334 0.21481481481481482 0.16041666666666668 0.1648148148148148 
3.0 0.08177083333333333 0.24259259259259258 0.078125 0.19074074074074074 
3.0 0.05234375 0.2361111111111111 0.0609375 0.18703703703703703 
3.0 0.028385416666666666 0.2412037037037037 0.05260416666666667 0.19166666666666668 
9.0 0.08359375 0.31342592592592594 0.20885416666666667 0.2972222222222222 
9.0 0.29192708333333334 0.31712962962962965 0.3390625 0.2861111111111111 
9.0 0.49270833333333336 0.3175925925925926 0.4947916666666667 0.2796296296296296 
