3.0 0.29713541666666665 0.30925925925925923 0.32760416666666664 0.3148148148148148 
3.0 0.12578125 0.40879629629629627 0.21614583333333334 0.4305555555555556 
3.0 0.2921875 0.4148148148148148 0.30625 0.4185185185185185 
3.0 0.25807291666666665 0.49907407407407406 0.2755208333333333 0.4648148148148148 
3.0 0.3848958333333333 0.5481481481481482 0.41770833333333335 0.5037037037037037 
3.0 0.47239583333333335 0.48518518518518516 0.42083333333333334 0.4425925925925926 
3.0 0.5809895833333333 0.5305555555555556 0.4390625 0.412962962962963 
3.0 0.06692708333333333 0.6425925925925926 0.1640625 0.5407407407407407 
3.0 0.10572916666666667 0.5402777777777777 0.20625 0.4601851851851852 
3.0 0.01171875 0.47685185185185186 0.04010416666666667 0.37962962962962965 
3.0 0.05625 0.41574074074074074 0.08333333333333333 0.3592592592592593 
