3.0 0.3171875 0.38935185185185184 0.26666666666666666 0.3287037037037037 
3.0 0.39114583333333336 0.4023148148148148 0.33541666666666664 0.3194444444444444 
3.0 0.5088541666666667 0.3199074074074074 0.39479166666666665 0.29907407407407405 
3.0 0.7065104166666667 0.40555555555555556 0.5057291666666667 0.32222222222222224 
3.0 0.26536458333333335 0.31574074074074077 0.24010416666666667 0.28703703703703703 
3.0 0.14921875 0.3087962962962963 0.15572916666666667 0.2972222222222222 
3.0 0.07682291666666667 0.31712962962962965 0.1046875 0.2916666666666667 
3.0 0.2046875 0.42453703703703705 0.19375 0.3212962962962963 
3.0 0.17291666666666666 0.40555555555555556 0.13645833333333332 0.29814814814814816 
3.0 0.5299479166666666 0.2351851851851852 0.3880208333333333 0.1962962962962963 
3.0 0.58203125 0.2763888888888889 0.4234375 0.24537037037037038 
