3.0 0.10234375 0.2986111111111111 0.10572916666666667 0.24351851851851852 
3.0 0.06640625 0.3388888888888889 0.08489583333333334 0.3074074074074074 
3.0 0.13697916666666668 0.3486111111111111 0.146875 0.30092592592592593 
3.0 0.054427083333333334 0.5972222222222222 0.07239583333333334 0.45555555555555555 
3.0 0.09010416666666667 0.524537037037037 0.10104166666666667 0.4027777777777778 
3.0 0.35390625 0.49953703703703706 0.2953125 0.4046296296296296 
3.0 0.34140625 0.5736111111111111 0.2640625 0.425 
3.0 0.44609375 0.25416666666666665 0.3223958333333333 0.21388888888888888 
3.0 0.525 0.24768518518518517 0.38645833333333335 0.2064814814814815 
3.0 0.49505208333333334 0.26435185185185184 0.3619791666666667 0.22685185185185186 
3.0 0.3059895833333333 0.22777777777777777 0.22552083333333334 0.18888888888888888 
3.0 0.3458333333333333 0.31203703703703706 0.26458333333333334 0.25555555555555554 
3.0 0.3572916666666667 0.21805555555555556 0.26458333333333334 0.19907407407407407 
3.0 0.27317708333333335 0.3773148148148148 0.2234375 0.31574074074074077 
