3.0 0.20807291666666666 0.21342592592592594 0.16197916666666667 0.1787037037037037 
9.0 0.16744791666666667 0.21898148148148147 0.1296875 0.1675925925925926 
3.0 0.11302083333333333 0.2111111111111111 0.09479166666666666 0.1648148148148148 
3.0 0.04375 0.20092592592592592 0.04375 0.1648148148148148 
3.0 0.3489583333333333 0.21666666666666667 0.27291666666666664 0.19074074074074074 
3.0 0.6708333333333333 0.24166666666666667 0.4791666666666667 0.20185185185185187 
3.0 0.42161458333333335 0.23287037037037037 0.3098958333333333 0.18055555555555555 
9.0 0.09791666666666667 0.3199074074074074 0.259375 0.31574074074074077 
9.0 0.36354166666666665 0.3282407407407407 0.38125 0.31203703703703706 
9.0 0.5536458333333333 0.3365740740740741 0.47291666666666665 0.30277777777777776 
