4.0 0.3182291666666667 0.2569444444444444 0.25625 0.2064814814814815 
4.0 0.22447916666666667 0.25046296296296294 0.225 0.22870370370370371 
4.0 0.11223958333333334 0.24027777777777778 0.16302083333333334 0.25833333333333336 
4.0 0.026041666666666668 0.23333333333333334 0.071875 0.2777777777777778 
4.0 0.5020833333333333 0.275 0.3875 0.21666666666666667 
4.0 0.57265625 0.2740740740740741 0.4348958333333333 0.23148148148148148 
4.0 0.6567708333333333 0.28935185185185186 0.5166666666666667 0.25277777777777777 
2.0 0.33359375 0.40555555555555556 0.2734375 0.34444444444444444 
2.0 0.23828125 0.5657407407407408 0.24010416666666667 0.46111111111111114 
2.0 0.28229166666666666 0.48564814814814816 0.2625 0.41203703703703703 
