3.0 0.23984375 0.18611111111111112 0.19010416666666666 0.15555555555555556 
3.0 0.2015625 0.19212962962962962 0.15833333333333333 0.15648148148148147 
3.0 0.2125 0.22083333333333333 0.17083333333333334 0.17685185185185184 
3.0 0.12291666666666666 0.175 0.1125 0.14814814814814814 
3.0 0.08567708333333333 0.17453703703703705 0.09114583333333333 0.14537037037037037 
3.0 0.0625 0.20787037037037037 0.07395833333333333 0.175 
3.0 0.02265625 0.21851851851851853 0.049479166666666664 0.1814814814814815 
3.0 0.009375 0.16342592592592592 0.035416666666666666 0.1398148148148148 
3.0 0.05364583333333333 0.17546296296296296 0.06145833333333333 0.14722222222222223 
9.0 0.09088541666666666 0.28564814814814815 0.19427083333333334 0.25462962962962965 
9.0 0.2682291666666667 0.29212962962962963 0.2947916666666667 0.25277777777777777 
9.0 0.4934895833333333 0.31296296296296294 0.5390625 0.31296296296296294 
