3.0 0.023177083333333334 0.31574074074074077 0.05364583333333333 0.26851851851851855 
3.0 0.08385416666666666 0.4537037037037037 0.11145833333333334 0.3814814814814815 
3.0 0.16276041666666666 0.47453703703703703 0.1828125 0.38425925925925924 
3.0 0.3302083333333333 0.4791666666666667 0.265625 0.375 
3.0 0.4109375 0.5069444444444444 0.3302083333333333 0.41574074074074074 
3.0 0.5270833333333333 0.49444444444444446 0.4083333333333333 0.39814814814814814 
3.0 0.5309895833333333 0.3296296296296296 0.3921875 0.26481481481481484 
3.0 0.2703125 0.5009259259259259 0.20208333333333334 0.37222222222222223 
3.0 0.6755208333333333 0.4935185185185185 0.50625 0.40185185185185185 
3.0 0.6864583333333333 0.3560185185185185 0.49166666666666664 0.2916666666666667 
3.0 0.6041666666666666 0.325 0.440625 0.2740740740740741 
3.0 0.5815104166666667 0.48009259259259257 0.4317708333333333 0.4212962962962963 
3.0 0.23932291666666666 0.5833333333333334 0.1921875 0.45740740740740743 
