3.0 0.6138020833333333 0.1449074074074074 0.47239583333333335 0.17314814814814813 
3.0 0.5575520833333333 0.15046296296296297 0.4234375 0.1824074074074074 
3.0 0.425 0.16620370370370371 0.34375 0.20092592592592592 
3.0 0.37864583333333335 0.2518518518518518 0.32916666666666666 0.2759259259259259 
3.0 0.4236979166666667 0.34305555555555556 0.3703125 0.33055555555555555 
3.0 0.40338541666666666 0.45787037037037037 0.39427083333333335 0.4675925925925926 
3.0 0.14427083333333332 0.43148148148148147 0.15520833333333334 0.37962962962962965 
3.0 0.054947916666666666 0.4689814814814815 0.12864583333333332 0.44166666666666665 
3.0 0.036458333333333336 0.586574074074074 0.08958333333333333 0.4861111111111111 
3.0 0.17760416666666667 0.23148148148148148 0.190625 0.31296296296296294 
