3.0 0.31015625 0.29907407407407405 0.23802083333333332 0.24074074074074073 
3.0 0.31354166666666666 0.2273148148148148 0.23645833333333333 0.19537037037037036 
3.0 0.35703125 0.21481481481481482 0.27447916666666666 0.19074074074074074 
3.0 0.43776041666666665 0.24953703703703703 0.32447916666666665 0.21388888888888888 
3.0 0.5213541666666667 0.23287037037037037 0.38958333333333334 0.1935185185185185 
3.0 0.5138020833333333 0.2574074074074074 0.3723958333333333 0.21296296296296297 
3.0 0.48854166666666665 0.2828703703703704 0.34791666666666665 0.21944444444444444 
3.0 0.6885416666666667 0.362962962962963 0.5177083333333333 0.29074074074074074 
3.0 0.6875 0.2884259259259259 0.5104166666666666 0.25462962962962965 
3.0 0.24270833333333333 0.31851851851851853 0.18958333333333333 0.2462962962962963 
3.0 0.18333333333333332 0.3106481481481482 0.15520833333333334 0.24537037037037038 
3.0 0.115625 0.32037037037037036 0.12395833333333334 0.25555555555555554 
3.0 0.09765625 0.23472222222222222 0.08802083333333334 0.18425925925925926 
3.0 0.06484375 0.3138888888888889 0.0921875 0.26666666666666666 
3.0 0.2578125 0.5212962962962963 0.225 0.40555555555555556 
