3.0 0.6143229166666667 0.24953703703703703 0.4578125 0.2101851851851852 
3.0 0.6697916666666667 0.26944444444444443 0.4979166666666667 0.21666666666666667 
3.0 0.5549479166666667 0.2518518518518518 0.42239583333333336 0.21666666666666667 
3.0 0.5028645833333333 0.18981481481481483 0.3734375 0.17777777777777778 
3.0 0.5348958333333333 0.21296296296296297 0.3770833333333333 0.17222222222222222 
3.0 0.434375 0.1912037037037037 0.32395833333333335 0.1638888888888889 
3.0 0.43463541666666666 0.2574074074074074 0.31927083333333334 0.2074074074074074 
3.0 0.36953125 0.20601851851851852 0.2828125 0.18055555555555555 
3.0 0.2942708333333333 0.17592592592592593 0.24895833333333334 0.15555555555555556 
3.0 0.25052083333333336 0.18009259259259258 0.2125 0.16018518518518518 
3.0 0.32109375 0.22824074074074074 0.2515625 0.18796296296296297 
3.0 0.20208333333333334 0.18518518518518517 0.17291666666666666 0.1537037037037037 
3.0 0.1640625 0.17916666666666667 0.13125 0.14537037037037037 
3.0 0.12604166666666666 0.1824074074074074 0.11979166666666667 0.15925925925925927 
3.0 0.09140625 0.1875 0.09322916666666667 0.16203703703703703 
3.0 0.008072916666666667 0.1925925925925926 0.033854166666666664 0.1648148148148148 
9.0 0.059895833333333336 0.3050925925925926 0.21145833333333333 0.2916666666666667 
9.0 0.2674479166666667 0.31527777777777777 0.3359375 0.2916666666666667 
9.0 0.5026041666666666 0.325 0.496875 0.30185185185185187 
