3.0 0.68125 0.3800925925925926 0.49583333333333335 0.29907407407407405 
3.0 0.024739583333333332 0.28379629629629627 0.05260416666666667 0.2490740740740741 
3.0 0.08177083333333333 0.18981481481481483 0.09479166666666666 0.1648148148148148 
3.0 0.0140625 0.41388888888888886 0.0375 0.3351851851851852 
2.0 0.453125 0.3680555555555556 0.375 0.32685185185185184 
2.0 0.4986979166666667 0.45231481481481484 0.4265625 0.49166666666666664 
2.0 0.5627604166666667 0.5949074074074074 0.46927083333333336 0.5231481481481481 
2.0 0.27005208333333336 0.2523148148148148 0.2078125 0.19537037037037036 
2.0 0.26015625 0.29814814814814816 0.19635416666666666 0.22777777777777777 
2.0 0.10416666666666667 0.5189814814814815 0.11354166666666667 0.39537037037037037 
