3.0 0.45807291666666666 0.2023148148148148 0.3567708333333333 0.20092592592592592 
3.0 0.40520833333333334 0.21574074074074073 0.3072916666666667 0.1962962962962963 
3.0 0.3260416666666667 0.22407407407407406 0.2552083333333333 0.1925925925925926 
3.0 0.2640625 0.18287037037037038 0.215625 0.16944444444444445 
3.0 0.18359375 0.20324074074074075 0.1484375 0.1787037037037037 
3.0 0.0703125 0.17175925925925925 0.07395833333333333 0.14537037037037037 
3.0 0.10052083333333334 0.20555555555555555 0.11354166666666667 0.18888888888888888 
3.0 0.2 0.1388888888888889 0.16666666666666666 0.13518518518518519 
3.0 0.27291666666666664 0.15925925925925927 0.22395833333333334 0.15 
3.0 0.6979166666666666 0.14444444444444443 0.5104166666666666 0.12962962962962962 
3.0 0.6229166666666667 0.1439814814814815 0.4666666666666667 0.14722222222222223 
3.0 0.69453125 0.2273148148148148 0.5057291666666667 0.18425925925925926 
3.0 0.6200520833333333 0.21388888888888888 0.45260416666666664 0.18703703703703703 
2.0 0.5341145833333333 0.5916666666666667 0.5203125 0.5444444444444444 
2.0 0.3255208333333333 0.6222222222222222 0.3385416666666667 0.524074074074074 
