3.0 0.31927083333333334 0.2162037037037037 0.24479166666666666 0.19166666666666668 
3.0 0.3463541666666667 0.24814814814814815 0.2520833333333333 0.1925925925925926 
3.0 0.66875 0.2324074074074074 0.46458333333333335 0.18888888888888888 
3.0 0.6192708333333333 0.2611111111111111 0.440625 0.2111111111111111 
3.0 0.5731770833333333 0.25046296296296294 0.40572916666666664 0.19722222222222222 
3.0 0.52421875 0.24259259259259258 0.3890625 0.21481481481481482 
3.0 0.56875 0.18518518518518517 0.3958333333333333 0.1537037037037037 
3.0 0.5963541666666666 0.18518518518518517 0.43125 0.1537037037037037 
3.0 0.65234375 0.19444444444444445 0.4713541666666667 0.1685185185185185 
3.0 0.7151041666666667 0.19444444444444445 0.4979166666666667 0.17222222222222222 
3.0 0.46770833333333334 0.1935185185185185 0.33645833333333336 0.17222222222222222 
3.0 0.42942708333333335 0.2037037037037037 0.3234375 0.17777777777777778 
3.0 0.36692708333333335 0.19537037037037036 0.2786458333333333 0.1648148148148148 
3.0 0.22291666666666668 0.2263888888888889 0.196875 0.19907407407407407 
3.0 0.15494791666666666 0.24212962962962964 0.14739583333333334 0.19537037037037036 
3.0 0.1046875 0.18611111111111112 0.09166666666666666 0.1648148148148148 
9.0 0.0703125 0.324537037037037 0.22291666666666668 0.32314814814814813 
9.0 0.31145833333333334 0.3398148148148148 0.36354166666666665 0.32407407407407407 
9.0 0.51796875 0.34305555555555556 0.4953125 0.3398148148148148 
