3.0 0.4166666666666667 0.25925925925925924 0.3177083333333333 0.21481481481481482 
3.0 0.63984375 0.24166666666666667 0.5088541666666667 0.24259259259259258 
3.0 0.37552083333333336 0.24814814814814815 0.2833333333333333 0.21481481481481482 
3.0 0.29401041666666666 0.2449074074074074 0.2546875 0.2212962962962963 
3.0 0.21875 0.2490740740740741 0.19791666666666666 0.2111111111111111 
3.0 0.19270833333333334 0.24722222222222223 0.15416666666666667 0.20185185185185187 
3.0 0.14947916666666666 0.24953703703703703 0.13958333333333334 0.21944444444444444 
3.0 0.12890625 0.3402777777777778 0.11302083333333333 0.2675925925925926 
3.0 0.42942708333333335 0.5907407407407408 0.3140625 0.4425925925925926 
0.0 0.30703125 0.17824074074074073 0.2838541666666667 0.175 
0.0 0.4080729166666667 0.2050925925925926 0.3421875 0.18425925925925926 
