3.0 0.24036458333333333 0.2671296296296296 0.18177083333333333 0.2175925925925926 
3.0 0.27890625 0.2791666666666667 0.21927083333333333 0.23425925925925925 
3.0 0.020833333333333332 0.4527777777777778 0.06458333333333334 0.35185185185185186 
3.0 0.27265625 0.4486111111111111 0.2234375 0.3731481481481482 
3.0 0.428125 0.4009259259259259 0.3697916666666667 0.362962962962963 
3.0 0.5244791666666667 0.42916666666666664 0.41041666666666665 0.4083333333333333 
3.0 0.6427083333333333 0.3976851851851852 0.5333333333333333 0.43425925925925923 
3.0 0.5799479166666667 0.4444444444444444 0.45260416666666664 0.40185185185185185 
8.0 0.36276041666666664 0.22685185185185186 0.3203125 0.2611111111111111 
3.0 0.24166666666666667 0.512962962962963 0.184375 0.387037037037037 
