3.0 0.11796875 0.19212962962962962 0.10364583333333334 0.1712962962962963 
3.0 0.08020833333333334 0.19722222222222222 0.08645833333333333 0.1685185185185185 
3.0 0.29375 0.2212962962962963 0.225 0.18333333333333332 
3.0 0.47890625 0.2388888888888889 0.3609375 0.2074074074074074 
3.0 0.6669270833333333 0.22824074074074074 0.48072916666666665 0.1935185185185185 
3.0 0.7080729166666667 0.2388888888888889 0.5088541666666667 0.21851851851851853 
3.0 0.22630208333333332 0.22314814814814815 0.19427083333333334 0.18333333333333332 
9.0 0.096875 0.3509259259259259 0.23333333333333334 0.34074074074074073 
9.0 0.30625 0.3523148148148148 0.35625 0.3472222222222222 
9.0 0.5065104166666666 0.3611111111111111 0.49947916666666664 0.34444444444444444 
