3.0 0.13828125 0.36712962962962964 0.14114583333333333 0.287962962962963 
3.0 0.11744791666666667 0.38055555555555554 0.0953125 0.2814814814814815 
3.0 0.07135416666666666 0.3875 0.075 0.28425925925925927 
3.0 0.19557291666666668 0.37962962962962965 0.1671875 0.28703703703703703 
3.0 0.23984375 0.3680555555555556 0.20572916666666666 0.28055555555555556 
3.0 0.2864583333333333 0.36064814814814816 0.221875 0.275 
3.0 0.33958333333333335 0.3638888888888889 0.2552083333333333 0.26851851851851855 
3.0 0.3729166666666667 0.31851851851851853 0.29270833333333335 0.2833333333333333 
3.0 0.42083333333333334 0.35185185185185186 0.32395833333333335 0.2722222222222222 
3.0 0.47109375 0.32731481481481484 0.35885416666666664 0.2657407407407407 
3.0 0.5203125 0.3226851851851852 0.38333333333333336 0.25833333333333336 
3.0 0.5661458333333333 0.3296296296296296 0.43333333333333335 0.26481481481481484 
3.0 0.5684895833333333 0.4388888888888889 0.3932291666666667 0.32037037037037036 
3.0 0.7296875 0.3175925925925926 0.5041666666666667 0.24259259259259258 
