3.0 0.19635416666666666 0.19398148148148148 0.153125 0.15648148148148147 
3.0 0.16901041666666666 0.18611111111111112 0.1234375 0.1425925925925926 
3.0 0.14270833333333333 0.18333333333333332 0.10729166666666666 0.1388888888888889 
3.0 0.10963541666666667 0.1814814814814815 0.09114583333333333 0.14444444444444443 
3.0 0.06927083333333334 0.18194444444444444 0.0625 0.14351851851851852 
3.0 0.013802083333333333 0.18564814814814815 0.030729166666666665 0.14722222222222223 
3.0 0.04479166666666667 0.1912037037037037 0.040625 0.15833333333333333 
9.0 0.062239583333333334 0.2712962962962963 0.18802083333333333 0.2574074074074074 
9.0 0.2755208333333333 0.2972222222222222 0.340625 0.27037037037037037 
9.0 0.509375 0.3111111111111111 0.5010416666666667 0.2740740740740741 
