3.0 0.24427083333333333 0.28425925925925927 0.18854166666666666 0.22407407407407406 
3.0 0.3028645833333333 0.3087962962962963 0.24635416666666668 0.2361111111111111 
3.0 0.30755208333333334 0.24953703703703703 0.24427083333333333 0.21944444444444444 
3.0 0.37135416666666665 0.23472222222222222 0.28854166666666664 0.20277777777777778 
3.0 0.43020833333333336 0.3314814814814815 0.30833333333333335 0.2537037037037037 
3.0 0.4828125 0.325 0.35104166666666664 0.2574074074074074 
3.0 0.6067708333333334 0.2601851851851852 0.434375 0.2111111111111111 
3.0 0.5546875 0.24722222222222223 0.415625 0.2 
3.0 0.20677083333333332 0.3351851851851852 0.17604166666666668 0.2574074074074074 
3.0 0.10546875 0.2657407407407407 0.1296875 0.25925925925925924 
