3.0 0.3958333333333333 0.21296296296296297 0.3072916666666667 0.19444444444444445 
3.0 0.35104166666666664 0.29444444444444445 0.2625 0.23333333333333334 
3.0 0.32786458333333335 0.2574074074074074 0.24739583333333334 0.2074074074074074 
3.0 0.29609375 0.28935185185185186 0.2296875 0.22685185185185186 
3.0 0.25416666666666665 0.3 0.2 0.24074074074074073 
3.0 0.23098958333333333 0.48518518518518516 0.19635416666666666 0.3648148148148148 
3.0 0.60703125 0.3925925925925926 0.4432291666666667 0.3148148148148148 
3.0 0.43697916666666664 0.2865740740740741 0.328125 0.2490740740740741 
2.0 0.33359375 0.5287037037037037 0.3109375 0.4722222222222222 
2.0 0.18020833333333333 0.5587962962962963 0.22083333333333333 0.5083333333333333 
2.0 0.3255208333333333 0.38564814814814813 0.309375 0.3731481481481482 
