2.0 0.3611979166666667 0.39166666666666666 0.2765625 0.362962962962963 
2.0 0.37447916666666664 0.5435185185185185 0.30833333333333335 0.48518518518518516 
2.0 0.2755208333333333 0.6504629629629629 0.28229166666666666 0.5194444444444445 
2.0 0.09947916666666666 0.6532407407407408 0.18020833333333333 0.49722222222222223 
3.0 0.44921875 0.34444444444444444 0.31197916666666664 0.25555555555555554 
3.0 0.5294270833333333 0.3726851851851852 0.3932291666666667 0.2824074074074074 
3.0 0.6408854166666667 0.4324074074074074 0.48489583333333336 0.337037037037037 
3.0 0.49505208333333334 0.35555555555555557 0.3494791666666667 0.2722222222222222 
3.0 0.04765625 0.3111111111111111 0.09114583333333333 0.2537037037037037 
8.0 0.11796875 0.3212962962962963 0.11822916666666666 0.25555555555555554 
8.0 0.02265625 0.37175925925925923 0.10260416666666666 0.32314814814814813 
