3.0 0.4315104166666667 0.24814814814814815 0.3140625 0.2037037037037037 
3.0 0.465625 0.21342592592592594 0.3385416666666667 0.18981481481481483 
3.0 0.5018229166666667 0.27361111111111114 0.3609375 0.21574074074074073 
3.0 0.53203125 0.3194444444444444 0.39427083333333335 0.2777777777777778 
3.0 0.6005208333333333 0.3541666666666667 0.44166666666666665 0.2916666666666667 
3.0 0.6544270833333333 0.4222222222222222 0.4973958333333333 0.3574074074074074 
3.0 0.6755208333333333 0.21435185185185185 0.48125 0.20833333333333334 
3.0 0.13020833333333334 0.2523148148148148 0.11354166666666667 0.20092592592592592 
3.0 0.09817708333333333 0.2513888888888889 0.0984375 0.19537037037037036 
3.0 0.06770833333333333 0.2657407407407407 0.071875 0.20555555555555555 
2.0 0.10286458333333333 0.41712962962962963 0.1703125 0.3990740740740741 
2.0 0.0359375 0.47685185185185186 0.09166666666666666 0.43703703703703706 
2.0 0.3223958333333333 0.5578703703703703 0.28125 0.46944444444444444 
