9.0 0.07708333333333334 0.30185185185185187 0.19166666666666668 0.2740740740740741 
9.0 0.2794270833333333 0.30416666666666664 0.32447916666666665 0.275 
9.0 0.48880208333333336 0.32546296296296295 0.48072916666666665 0.2953703703703704 
3.0 0.7041666666666667 0.21712962962962962 0.4979166666666667 0.1675925925925926 
3.0 0.72578125 0.25925925925925924 0.5057291666666667 0.2 
3.0 0.6317708333333333 0.2273148148148148 0.45729166666666665 0.18981481481481483 
3.0 0.5791666666666667 0.2064814814814815 0.4322916666666667 0.17962962962962964 
3.0 0.47291666666666665 0.24305555555555555 0.36354166666666665 0.1935185185185185 
3.0 0.4171875 0.19675925925925927 0.3 0.16203703703703703 
3.0 0.453125 0.18425925925925926 0.33645833333333336 0.1574074074074074 
3.0 0.3880208333333333 0.18101851851851852 0.2875 0.16203703703703703 
3.0 0.4046875 0.23425925925925925 0.32083333333333336 0.1962962962962963 
3.0 0.3625 0.23981481481481481 0.2760416666666667 0.18888888888888888 
3.0 0.3033854166666667 0.18333333333333332 0.24114583333333334 0.1574074074074074 
3.0 0.29348958333333336 0.2375 0.23177083333333334 0.18981481481481483 
3.0 0.24635416666666668 0.1675925925925926 0.196875 0.15 
3.0 0.184375 0.1824074074074074 0.16458333333333333 0.1537037037037037 
3.0 0.12760416666666666 0.16944444444444445 0.115625 0.1425925925925926 
3.0 0.09479166666666666 0.16944444444444445 0.08645833333333333 0.13703703703703704 
3.0 0.04609375 0.16435185185185186 0.07552083333333333 0.14722222222222223 
3.0 0.11328125 0.2388888888888889 0.10989583333333333 0.1925925925925926 
3.0 0.0921875 0.22037037037037038 0.08958333333333333 0.16666666666666666 
