3.0 0.7057291666666666 0.26990740740740743 0.509375 0.2657407407407407 
3.0 0.6559895833333333 0.26944444444444443 0.4828125 0.26666666666666666 
3.0 0.58515625 0.28379629629629627 0.45260416666666664 0.2712962962962963 
3.0 0.45703125 0.33287037037037037 0.3640625 0.2861111111111111 
3.0 0.40963541666666664 0.32546296296296295 0.31197916666666664 0.2638888888888889 
3.0 0.390625 0.3962962962962963 0.33229166666666665 0.32592592592592595 
3.0 0.46197916666666666 0.42777777777777776 0.359375 0.3277777777777778 
3.0 0.5518229166666667 0.45 0.4036458333333333 0.3314814814814815 
3.0 0.3171875 0.4273148148148148 0.26979166666666665 0.3398148148148148 
3.0 0.32864583333333336 0.2814814814814815 0.265625 0.25 
3.0 0.35390625 0.33240740740740743 0.2703125 0.26296296296296295 
3.0 0.24895833333333334 0.33194444444444443 0.215625 0.30277777777777776 
3.0 0.20963541666666666 0.38981481481481484 0.17552083333333332 0.32407407407407407 
3.0 0.05651041666666667 0.6032407407407407 0.07239583333333334 0.4564814814814815 
3.0 0.5369791666666667 0.25092592592592594 0.3770833333333333 0.2111111111111111 
3.0 0.4942708333333333 0.2490740740740741 0.35104166666666664 0.2111111111111111 
