3.0 0.15598958333333332 0.3675925925925926 0.14739583333333334 0.3074074074074074 
3.0 0.09765625 0.4759259259259259 0.12760416666666666 0.40185185185185185 
3.0 0.08333333333333333 0.3921296296296296 0.09166666666666666 0.30833333333333335 
3.0 0.090625 0.31342592592592594 0.09270833333333334 0.2657407407407407 
3.0 0.03723958333333333 0.34305555555555556 0.08489583333333334 0.31203703703703706 
3.0 0.26458333333333334 0.33240740740740743 0.21041666666666667 0.2740740740740741 
3.0 0.39791666666666664 0.2828703703703704 0.3072916666666667 0.25092592592592594 
3.0 0.40182291666666664 0.337037037037037 0.3494791666666667 0.29814814814814816 
3.0 0.5252604166666667 0.2810185185185185 0.42135416666666664 0.2675925925925926 
3.0 0.6354166666666666 0.2708333333333333 0.4864583333333333 0.24166666666666667 
3.0 0.66953125 0.4074074074074074 0.5005208333333333 0.32222222222222224 
3.0 0.5453125 0.3907407407407407 0.39791666666666664 0.32037037037037036 
3.0 0.23619791666666667 0.425462962962963 0.19947916666666668 0.3287037037037037 
3.0 0.20729166666666668 0.4550925925925926 0.16354166666666667 0.36018518518518516 
3.0 0.23333333333333334 0.5796296296296296 0.184375 0.4444444444444444 
