3.0 0.10390625 0.43333333333333335 0.10260416666666666 0.34444444444444444 
3.0 0.05963541666666667 0.4777777777777778 0.1046875 0.3685185185185185 
3.0 0.06510416666666667 0.5574074074074075 0.09166666666666666 0.42592592592592593 
3.0 0.17135416666666667 0.4930555555555556 0.15208333333333332 0.375 
3.0 0.16041666666666668 0.5949074074074074 0.17291666666666666 0.44537037037037036 
3.0 0.09609375 0.6541666666666667 0.0859375 0.4824074074074074 
3.0 0.2838541666666667 0.5791666666666667 0.26979166666666665 0.487962962962963 
3.0 0.4354166666666667 0.5675925925925925 0.39895833333333336 0.49074074074074076 
3.0 0.5385416666666667 0.5078703703703704 0.415625 0.42685185185185187 
3.0 0.62890625 0.5296296296296297 0.4401041666666667 0.39444444444444443 
3.0 0.7247395833333333 0.5222222222222223 0.5005208333333333 0.387037037037037 
