3.0 0.016666666666666666 0.3523148148148148 0.05 0.27685185185185185 
3.0 0.06536458333333334 0.35648148148148145 0.0734375 0.2722222222222222 
3.0 0.09869791666666666 0.34675925925925927 0.09114583333333333 0.2712962962962963 
3.0 0.128125 0.3509259259259259 0.1125 0.26666666666666666 
3.0 0.1546875 0.3365740740740741 0.13020833333333334 0.26944444444444443 
3.0 0.18776041666666668 0.3587962962962963 0.14010416666666667 0.2712962962962963 
3.0 0.21119791666666668 0.33425925925925926 0.18072916666666666 0.2777777777777778 
3.0 0.2708333333333333 0.35462962962962963 0.21770833333333334 0.26666666666666666 
3.0 0.32369791666666664 0.3439814814814815 0.24322916666666666 0.2564814814814815 
3.0 0.378125 0.34953703703703703 0.28229166666666666 0.2712962962962963 
3.0 0.4244791666666667 0.3421296296296296 0.3125 0.2638888888888889 
3.0 0.47291666666666665 0.3773148148148148 0.33958333333333335 0.28425925925925927 
3.0 0.6106770833333334 0.3541666666666667 0.4234375 0.2638888888888889 
3.0 0.375 0.387037037037037 0.26145833333333335 0.2777777777777778 
3.0 0.34739583333333335 0.40046296296296297 0.24583333333333332 0.2824074074074074 
