3.0 0.35859375 0.29398148148148145 0.2682291666666667 0.24722222222222223 
3.0 0.41432291666666665 0.2972222222222222 0.30052083333333335 0.23333333333333334 
3.0 0.38515625 0.35555555555555557 0.2828125 0.27037037037037037 
3.0 0.53515625 0.41203703703703703 0.38177083333333334 0.3074074074074074 
3.0 0.6111979166666667 0.38055555555555554 0.4390625 0.3037037037037037 
3.0 0.47317708333333336 0.5907407407407408 0.3609375 0.45555555555555555 
3.0 0.2565104166666667 0.674074074074074 0.2630208333333333 0.5185185185185185 
3.0 0.6799479166666667 0.3384259259259259 0.4786458333333333 0.2601851851851852 
3.0 0.7171875 0.3712962962962963 0.490625 0.26851851851851855 
3.0 0.596875 0.33101851851851855 0.42083333333333334 0.24722222222222223 
