3.0 0.18020833333333333 0.3458333333333333 0.14791666666666667 0.2657407407407407 
3.0 0.2171875 0.32314814814814813 0.18020833333333333 0.2740740740740741 
3.0 0.3171875 0.36064814814814816 0.24166666666666667 0.2712962962962963 
3.0 0.596875 0.36018518518518516 0.43854166666666666 0.2777777777777778 
3.0 0.6528645833333333 0.33425925925925926 0.46822916666666664 0.2518518518518518 
3.0 0.6989583333333333 0.33055555555555555 0.49895833333333334 0.25925925925925924 
3.0 0.71953125 0.3675925925925926 0.49947916666666664 0.2814814814814815 
3.0 0.48489583333333336 0.4625 0.3541666666666667 0.3453703703703704 
3.0 0.5385416666666667 0.3490740740740741 0.4 0.2722222222222222 
3.0 0.4640625 0.33055555555555555 0.34375 0.26296296296296295 
