4.0 0.06822916666666666 0.2375 0.12083333333333333 0.21574074074074073 
4.0 0.22447916666666667 0.2324074074074074 0.221875 0.18518518518518517 
4.0 0.35703125 0.2125 0.3307291666666667 0.17685185185185184 
4.0 0.48333333333333334 0.1912037037037037 0.39895833333333336 0.18425925925925926 
4.0 0.5955729166666667 0.17175925925925925 0.48489583333333336 0.18055555555555555 
4.0 0.6002604166666666 0.26990740740740743 0.4890625 0.275 
4.0 0.4390625 0.2824074074074074 0.41770833333333335 0.29444444444444445 
4.0 0.30911458333333336 0.2828703703703704 0.30364583333333334 0.29907407407407405 
4.0 0.23020833333333332 0.3 0.23125 0.3111111111111111 
4.0 0.07916666666666666 0.31203703703703706 0.19479166666666667 0.337037037037037 
