3.0 0.7140625 0.24444444444444444 0.5104166666666666 0.22037037037037038 
3.0 0.6518229166666667 0.24722222222222223 0.4734375 0.22037037037037038 
3.0 0.5950520833333334 0.24861111111111112 0.43697916666666664 0.22314814814814815 
3.0 0.5528645833333333 0.25324074074074077 0.40989583333333335 0.22314814814814815 
3.0 0.49921875 0.32407407407407407 0.3776041666666667 0.2814814814814815 
3.0 0.43671875 0.2847222222222222 0.3328125 0.2657407407407407 
3.0 0.384375 0.2847222222222222 0.29583333333333334 0.2601851851851852 
3.0 0.32760416666666664 0.20185185185185187 0.2625 0.2037037037037037 
3.0 0.3893229166666667 0.2337962962962963 0.2890625 0.20462962962962963 
3.0 0.2520833333333333 0.24166666666666667 0.2125 0.22407407407407406 
3.0 0.16276041666666666 0.2375 0.14114583333333333 0.20277777777777778 
3.0 0.12994791666666666 0.29953703703703705 0.16614583333333333 0.25462962962962965 
3.0 0.0734375 0.24953703703703703 0.09166666666666666 0.22685185185185186 
3.0 0.039322916666666666 0.32314814814814813 0.05677083333333333 0.2722222222222222 
3.0 0.30130208333333336 0.3824074074074074 0.24322916666666666 0.30185185185185187 
