3.0 0.06380208333333333 0.5162037037037037 0.08802083333333334 0.41388888888888886 
3.0 0.14869791666666668 0.6101851851851852 0.1359375 0.44074074074074077 
3.0 0.30963541666666666 0.6194444444444445 0.30052083333333335 0.5 
3.0 0.334375 0.524537037037037 0.26666666666666666 0.4009259259259259 
3.0 0.4049479166666667 0.5356481481481481 0.31927083333333334 0.41574074074074074 
3.0 0.36276041666666664 0.5722222222222222 0.2890625 0.4462962962962963 
3.0 0.51484375 0.5435185185185185 0.4296875 0.4351851851851852 
3.0 0.6190104166666667 0.5555555555555556 0.4609375 0.42592592592592593 
3.0 0.6950520833333333 0.5398148148148149 0.5067708333333333 0.40925925925925927 
3.0 0.5854166666666667 0.6180555555555556 0.415625 0.4601851851851852 
3.0 0.16927083333333334 0.7041666666666667 0.153125 0.5157407407407407 
