3.0 0.51953125 0.225 0.39010416666666664 0.2074074074074074 
3.0 0.5963541666666666 0.2263888888888889 0.4510416666666667 0.21388888888888888 
3.0 0.6716145833333333 0.22592592592592592 0.49322916666666666 0.21296296296296297 
3.0 0.46458333333333335 0.2310185185185185 0.353125 0.22685185185185186 
3.0 0.3997395833333333 0.24861111111111112 0.31927083333333334 0.21574074074074073 
3.0 0.27786458333333336 0.21435185185185185 0.23072916666666668 0.20277777777777778 
3.0 0.16067708333333333 0.24074074074074073 0.14739583333333334 0.2037037037037037 
3.0 0.12994791666666666 0.26851851851851855 0.15364583333333334 0.26851851851851855 
3.0 0.06692708333333333 0.3037037037037037 0.10989583333333333 0.29074074074074074 
3.0 0.03411458333333333 0.25277777777777777 0.07239583333333334 0.23703703703703705 
3.0 0.22864583333333333 0.2375 0.190625 0.2212962962962963 
