3.0 0.55078125 0.19212962962962962 0.4421875 0.17685185185185184 
3.0 0.42682291666666666 0.20787037037037037 0.3671875 0.18796296296296297 
3.0 0.29739583333333336 0.19953703703703704 0.271875 0.18055555555555555 
3.0 0.21953125 0.20462962962962963 0.19322916666666667 0.18888888888888888 
3.0 0.09765625 0.20787037037037037 0.10052083333333334 0.1824074074074074 
3.0 0.07682291666666667 0.225 0.0859375 0.18888888888888888 
3.0 0.018229166666666668 0.20925925925925926 0.06041666666666667 0.19814814814814816 
3.0 0.16536458333333334 0.1986111111111111 0.16510416666666666 0.18981481481481483 
4.0 0.05625 0.29907407407407405 0.18541666666666667 0.32222222222222224 
4.0 0.25052083333333336 0.29768518518518516 0.2916666666666667 0.30462962962962964 
4.0 0.50078125 0.28194444444444444 0.5213541666666667 0.30648148148148147 
