3.0 0.6307291666666667 0.20925925925925926 0.46875 0.19814814814814816 
3.0 0.5296875 0.1884259259259259 0.425 0.2175925925925926 
3.0 0.44296875 0.20324074074074075 0.3703125 0.20833333333333334 
3.0 0.36770833333333336 0.20324074074074075 0.3072916666666667 0.21203703703703702 
3.0 0.26484375 0.19722222222222222 0.24739583333333334 0.21296296296296297 
3.0 0.22447916666666667 0.21574074074074073 0.19375 0.20185185185185187 
3.0 0.23828125 0.3055555555555556 0.18697916666666667 0.24814814814814815 
3.0 0.19713541666666667 0.2884259259259259 0.1703125 0.2675925925925926 
3.0 0.15598958333333332 0.30648148148148147 0.14322916666666666 0.25555555555555554 
3.0 0.12213541666666666 0.33240740740740743 0.10260416666666666 0.2574074074074074 
3.0 0.23385416666666667 0.17407407407407408 0.178125 0.1537037037037037 
3.0 0.3263020833333333 0.12407407407407407 0.28072916666666664 0.16666666666666666 
3.0 0.6841145833333333 0.18101851851851852 0.4901041666666667 0.1824074074074074 
