8.0 0.6341145833333334 0.2337962962962963 0.4921875 0.24166666666666667 
8.0 0.5325520833333334 0.22777777777777777 0.40572916666666664 0.2111111111111111 
8.0 0.465625 0.2199074074074074 0.36041666666666666 0.18611111111111112 
8.0 0.19010416666666666 0.2337962962962963 0.16354166666666667 0.1787037037037037 
8.0 0.14088541666666668 0.21898148148148147 0.12864583333333332 0.18981481481481483 
8.0 0.06588541666666667 0.23564814814814813 0.09322916666666667 0.19722222222222222 
9.0 0.2747395833333333 0.2523148148148148 0.23072916666666668 0.20462962962962963 
9.0 0.20755208333333333 0.2726851851851852 0.1890625 0.2175925925925926 
9.0 0.13463541666666667 0.2833333333333333 0.14739583333333334 0.25 
9.0 0.04375 0.30972222222222223 0.109375 0.2712962962962963 
