9.0 0.06302083333333333 0.2675925925925926 0.13854166666666667 0.2222222222222222 
9.0 0.24401041666666667 0.28888888888888886 0.2630208333333333 0.2462962962962963 
9.0 0.40260416666666665 0.3087962962962963 0.41041666666666665 0.27685185185185185 
9.0 0.5786458333333333 0.3199074074074074 0.48541666666666666 0.287962962962963 
3.0 0.30390625 0.22777777777777777 0.2328125 0.18333333333333332 
3.0 0.27421875 0.19814814814814816 0.2078125 0.16296296296296298 
3.0 0.20963541666666666 0.18101851851851852 0.16614583333333333 0.1527777777777778 
3.0 0.17916666666666667 0.23055555555555557 0.14479166666666668 0.1814814814814815 
3.0 0.14895833333333333 0.22175925925925927 0.12291666666666666 0.17685185185185184 
3.0 0.12265625 0.2199074074074074 0.1078125 0.1824074074074074 
3.0 0.13880208333333333 0.17685185185185184 0.12239583333333333 0.1648148148148148 
3.0 0.09270833333333334 0.17175925925925925 0.084375 0.13796296296296295 
3.0 0.08671875 0.18981481481481483 0.08489583333333334 0.1537037037037037 
3.0 0.06536458333333334 0.21203703703703702 0.07864583333333333 0.18703703703703703 
3.0 0.035416666666666666 0.21064814814814814 0.051041666666666666 0.175 
3.0 0.03671875 0.16435185185185186 0.05572916666666667 0.14907407407407408 
