0.0 0.026302083333333334 0.2810185185185185 0.12760416666666666 0.30833333333333335 
0.0 0.15572916666666667 0.27314814814814814 0.18958333333333333 0.337037037037037 
0.0 0.2703125 0.274537037037037 0.28020833333333334 0.3287037037037037 
0.0 0.6252604166666667 0.1935185185185185 0.5421875 0.2037037037037037 
0.0 0.6270833333333333 0.2759259259259259 0.5427083333333333 0.31666666666666665 
10.0 0.5106770833333333 0.15324074074074073 0.42239583333333336 0.4546296296296296 
10.0 0.05520833333333333 0.42962962962962964 0.175 0.3592592592592593 
10.0 0.23802083333333332 0.4398148148148148 0.25833333333333336 0.35185185185185186 
3.0 0.3338541666666667 0.5189814814814815 0.2520833333333333 0.39166666666666666 
3.0 0.046614583333333334 0.5296296296296297 0.06197916666666667 0.3962962962962963 
3.0 0.06796875 0.48703703703703705 0.10989583333333333 0.3611111111111111 
