3.0 0.6572916666666667 0.3800925925925926 0.5020833333333333 0.31574074074074077 
3.0 0.5544270833333333 0.25 0.46822916666666664 0.29074074074074074 
3.0 0.4984375 0.27175925925925926 0.3625 0.225 
3.0 0.2796875 0.23055555555555557 0.221875 0.17962962962962964 
3.0 0.22005208333333334 0.23981481481481481 0.19427083333333334 0.18703703703703703 
3.0 0.17734375 0.24444444444444444 0.17239583333333333 0.21666666666666667 
3.0 0.13125 0.24305555555555555 0.128125 0.19722222222222222 
3.0 0.08802083333333334 0.2652777777777778 0.1 0.21944444444444444 
3.0 0.6677083333333333 0.14351851851851852 0.5072916666666667 0.2074074074074074 
3.0 0.5041666666666667 0.1625 0.3885416666666667 0.17685185185185184 
3.0 0.5859375 0.13425925925925927 0.440625 0.16111111111111112 
2.0 0.27447916666666666 0.3314814814814815 0.240625 0.2814814814814815 
2.0 0.45989583333333334 0.3925925925925926 0.36666666666666664 0.3296296296296296 
2.0 0.1890625 0.49907407407407406 0.20520833333333333 0.39814814814814814 
2.0 0.08385416666666666 0.42685185185185187 0.11354166666666667 0.35185185185185186 
