9.0 0.07552083333333333 0.3125 0.21979166666666666 0.275 
9.0 0.2872395833333333 0.3111111111111111 0.2984375 0.2759259259259259 
9.0 0.475 0.30694444444444446 0.509375 0.2712962962962963 
3.0 0.5856770833333333 0.22268518518518518 0.4317708333333333 0.18796296296296297 
3.0 0.55078125 0.22870370370370371 0.3984375 0.1814814814814815 
3.0 0.4484375 0.2361111111111111 0.35208333333333336 0.18703703703703703 
3.0 0.35260416666666666 0.23564814814814813 0.28125 0.18796296296296297 
3.0 0.2747395833333333 0.24444444444444444 0.21197916666666666 0.19074074074074074 
3.0 0.14791666666666667 0.22685185185185186 0.16145833333333334 0.2 
3.0 0.08255208333333333 0.23425925925925925 0.0953125 0.1962962962962963 
