3.0 0.30520833333333336 0.2671296296296296 0.23229166666666667 0.2175925925925926 
3.0 0.24270833333333333 0.25925925925925924 0.19375 0.21666666666666667 
3.0 0.16328125 0.2708333333333333 0.15260416666666668 0.2212962962962963 
3.0 0.026822916666666665 0.28425925925925927 0.0515625 0.2222222222222222 
3.0 0.0875 0.26990740740740743 0.090625 0.20833333333333334 
3.0 0.4635416666666667 0.25462962962962965 0.34270833333333334 0.20185185185185187 
3.0 0.51953125 0.26296296296296295 0.37135416666666665 0.2 
3.0 0.3692708333333333 0.2518518518518518 0.2875 0.21666666666666667 
2.0 0.08072916666666667 0.48657407407407405 0.18229166666666666 0.5046296296296297 
2.0 0.18880208333333334 0.5949074074074074 0.2234375 0.5231481481481481 
2.0 0.33359375 0.5101851851851852 0.3265625 0.5148148148148148 
2.0 0.64453125 0.4666666666666667 0.5151041666666667 0.4203703703703704 
