3.0 0.026822916666666665 0.35509259259259257 0.0484375 0.2638888888888889 
3.0 0.06536458333333334 0.350462962962963 0.07135416666666666 0.2638888888888889 
3.0 0.10885416666666667 0.3375 0.128125 0.28055555555555556 
3.0 0.18020833333333333 0.3578703703703704 0.15104166666666666 0.27314814814814814 
3.0 0.19609375 0.39861111111111114 0.14739583333333334 0.2824074074074074 
3.0 0.23177083333333334 0.3921296296296296 0.175 0.287962962962963 
3.0 0.22578125 0.3523148148148148 0.1703125 0.25833333333333336 
3.0 0.28229166666666666 0.3523148148148148 0.22395833333333334 0.2675925925925926 
3.0 0.3416666666666667 0.34629629629629627 0.25833333333333336 0.26296296296296295 
3.0 0.33255208333333336 0.38564814814814813 0.2390625 0.28055555555555556 
3.0 0.50703125 0.350462962962963 0.36614583333333334 0.2638888888888889 
