9.0 0.07734375 0.3148148148148148 0.1953125 0.29814814814814816 
9.0 0.27447916666666666 0.3125 0.32395833333333335 0.287962962962963 
9.0 0.46484375 0.325 0.4713541666666667 0.29814814814814816 
3.0 0.6729166666666667 0.2199074074074074 0.4739583333333333 0.17314814814814813 
3.0 0.5744791666666667 0.23842592592592593 0.43125 0.19722222222222222 
3.0 0.4356770833333333 0.21898148148148147 0.3255208333333333 0.18611111111111112 
3.0 0.3223958333333333 0.24444444444444444 0.246875 0.1962962962962963 
3.0 0.24479166666666666 0.24537037037037038 0.190625 0.19444444444444445 
3.0 0.20390625 0.23564814814814813 0.16302083333333334 0.18981481481481483 
3.0 0.17057291666666666 0.23055555555555557 0.14635416666666667 0.18703703703703703 
3.0 0.09609375 0.24166666666666667 0.09427083333333333 0.1925925925925926 
3.0 0.051041666666666666 0.22824074074074074 0.07708333333333334 0.19722222222222222 
