9.0 0.10989583333333333 0.3337962962962963 0.2989583333333333 0.3527777777777778 
9.0 0.41432291666666665 0.3296296296296296 0.4703125 0.34814814814814815 
3.0 0.6653645833333334 0.24166666666666667 0.4890625 0.21666666666666667 
3.0 0.3731770833333333 0.20972222222222223 0.29010416666666666 0.19166666666666668 
3.0 0.31588541666666664 0.2074074074074074 0.2546875 0.1962962962962963 
3.0 0.14322916666666666 0.18101851851851852 0.134375 0.1638888888888889 
3.0 0.09453125 0.18796296296296297 0.09114583333333333 0.16111111111111112 
3.0 0.11328125 0.22685185185185186 0.11822916666666666 0.2037037037037037 
3.0 0.03229166666666667 0.19027777777777777 0.071875 0.18055555555555555 
3.0 0.5763020833333333 0.21481481481481482 0.42239583333333336 0.2037037037037037 
