3.0 0.023958333333333335 0.31157407407407406 0.14166666666666666 0.35833333333333334 
3.0 0.17239583333333333 0.29259259259259257 0.23333333333333334 0.3111111111111111 
3.0 0.45625 0.17407407407407408 0.371875 0.18703703703703703 
3.0 0.5375 0.2101851851851852 0.428125 0.21851851851851853 
3.0 0.5578125 0.30925925925925923 0.44583333333333336 0.29814814814814816 
3.0 0.65546875 0.3074074074074074 0.5067708333333333 0.32222222222222224 
3.0 0.3731770833333333 0.2300925925925926 0.2994791666666667 0.21944444444444444 
3.0 0.17161458333333332 0.23194444444444445 0.16614583333333333 0.18981481481481483 
3.0 0.025520833333333333 0.2101851851851852 0.06354166666666666 0.17777777777777778 
3.0 0.13307291666666668 0.2310185185185185 0.12135416666666667 0.19722222222222222 
