3.0 0.6283854166666667 0.22592592592592592 0.4609375 0.18333333333333332 
3.0 0.5182291666666666 0.22592592592592592 0.38958333333333334 0.18333333333333332 
3.0 0.44140625 0.22777777777777777 0.3151041666666667 0.18333333333333332 
3.0 0.36640625 0.2324074074074074 0.27239583333333334 0.18703703703703703 
3.0 0.3729166666666667 0.20092592592592592 0.27395833333333336 0.1574074074074074 
3.0 0.3333333333333333 0.22361111111111112 0.25833333333333336 0.19907407407407407 
3.0 0.28828125 0.22824074074074074 0.22864583333333333 0.18981481481481483 
3.0 0.25104166666666666 0.2412037037037037 0.18854166666666666 0.18796296296296297 
3.0 0.0578125 0.21435185185185185 0.06770833333333333 0.1787037037037037 
3.0 0.033854166666666664 0.21481481481481482 0.041666666666666664 0.17037037037037037 
3.0 0.26067708333333334 0.32592592592592595 0.2171875 0.2537037037037037 
9.0 0.06692708333333333 0.3013888888888889 0.1984375 0.28055555555555556 
9.0 0.30078125 0.2967592592592593 0.3390625 0.2675925925925926 
9.0 0.503125 0.30462962962962964 0.471875 0.2814814814814815 
3.0 0.5283854166666667 0.4027777777777778 0.37864583333333335 0.29814814814814816 
