2.0 0.3690104166666667 0.23981481481481481 0.2890625 0.20555555555555555 
2.0 0.2981770833333333 0.23981481481481481 0.23697916666666666 0.20555555555555555 
2.0 0.10703125 0.32546296296296295 0.16822916666666668 0.3194444444444444 
2.0 0.04453125 0.36666666666666664 0.13385416666666666 0.42962962962962964 
3.0 0.62734375 0.23796296296296296 0.44947916666666665 0.2 
3.0 0.7 0.22824074074074074 0.5052083333333334 0.20277777777777778 
3.0 0.4708333333333333 0.2310185185185185 0.3458333333333333 0.19722222222222222 
8.0 0.6177083333333333 0.18101851851851852 0.46979166666666666 0.2212962962962963 
8.0 0.52890625 0.19490740740740742 0.4078125 0.20462962962962963 
8.0 0.46770833333333334 0.18564814814814815 0.36041666666666666 0.18425925925925926 
