4.0 0.09505208333333333 0.33055555555555555 0.26510416666666664 0.4111111111111111 
4.0 0.3763020833333333 0.3662037037037037 0.5130208333333334 0.41574074074074074 
4.0 0.13125 0.2439814814814815 0.2864583333333333 0.2564814814814815 
3.0 0.10911458333333333 0.44166666666666665 0.1484375 0.35555555555555557 
3.0 0.20182291666666666 0.4671296296296296 0.1640625 0.33796296296296297 
3.0 0.20807291666666666 0.5064814814814815 0.17239583333333333 0.37962962962962965 
3.0 0.2625 0.48842592592592593 0.221875 0.3768518518518518 
3.0 0.409375 0.5078703703703704 0.3375 0.39166666666666666 
3.0 0.6072916666666667 0.5217592592592593 0.49270833333333336 0.42685185185185187 
3.0 0.08697916666666666 0.5120370370370371 0.1 0.39444444444444443 
