9.0 0.11276041666666667 0.3421296296296296 0.2828125 0.33796296296296297 
9.0 0.39869791666666665 0.33564814814814814 0.47760416666666666 0.35648148148148145 
3.0 0.6908854166666667 0.21805555555555556 0.4859375 0.1787037037037037 
3.0 0.6244791666666667 0.23935185185185184 0.44583333333333336 0.19537037037037036 
3.0 0.5794270833333334 0.22407407407407406 0.4078125 0.17777777777777778 
3.0 0.52421875 0.21203703703703702 0.3723958333333333 0.18333333333333332 
3.0 0.325 0.22314814814814815 0.2552083333333333 0.18888888888888888 
3.0 0.18385416666666668 0.21342592592592594 0.134375 0.16944444444444445 
3.0 0.16302083333333334 0.2152777777777778 0.12291666666666666 0.1675925925925926 
3.0 0.14114583333333333 0.23287037037037037 0.109375 0.18055555555555555 
3.0 0.07526041666666666 0.2351851851851852 0.0890625 0.2 
