3.0 0.011197916666666667 0.3976851851851852 0.049479166666666664 0.3787037037037037 
3.0 0.06588541666666667 0.4078703703703704 0.12552083333333333 0.42685185185185187 
3.0 0.021875 0.5435185185185185 0.10520833333333333 0.5185185185185185 
3.0 0.11171875 0.5652777777777778 0.1703125 0.5268518518518519 
3.0 0.15911458333333334 0.40925925925925927 0.20885416666666667 0.45925925925925926 
3.0 0.24479166666666666 0.3837962962962963 0.25104166666666666 0.41203703703703703 
3.0 0.3296875 0.3675925925925926 0.28541666666666665 0.39444444444444443 
3.0 0.421875 0.3458333333333333 0.409375 0.38425925925925924 
3.0 0.5653645833333333 0.4166666666666667 0.4921875 0.4 
3.0 0.6 0.5884259259259259 0.546875 0.5398148148148149 
3.0 0.5059895833333333 0.5782407407407407 0.4109375 0.49537037037037035 
3.0 0.39036458333333335 0.4842592592592593 0.3338541666666667 0.43333333333333335 
3.0 0.25859375 0.5615740740740741 0.2765625 0.5083333333333333 
3.0 0.22239583333333332 0.6449074074074074 0.20833333333333334 0.49537037037037035 
