3.0 0.0125 0.3490740740740741 0.052083333333333336 0.29074074074074074 
3.0 0.08385416666666666 0.3263888888888889 0.13854166666666667 0.2861111111111111 
3.0 0.18385416666666668 0.3435185185185185 0.17604166666666668 0.2851851851851852 
3.0 0.23958333333333334 0.33796296296296297 0.19895833333333332 0.2851851851851852 
3.0 0.2859375 0.32916666666666666 0.23333333333333334 0.28425925925925927 
3.0 0.3372395833333333 0.30787037037037035 0.2942708333333333 0.275 
3.0 0.4265625 0.3439814814814815 0.32395833333333335 0.275 
3.0 0.5828125 0.31342592592592594 0.459375 0.28055555555555556 
3.0 0.5421875 0.3365740740740741 0.3770833333333333 0.2490740740740741 
3.0 0.4765625 0.34629629629629627 0.33125 0.2518518518518518 
2.0 0.25390625 0.4217592592592593 0.22239583333333332 0.33796296296296297 
2.0 0.4453125 0.5162037037037037 0.41458333333333336 0.4305555555555556 
2.0 0.38255208333333335 0.6435185185185185 0.36614583333333334 0.5203703703703704 
