3.0 0.16666666666666666 0.42083333333333334 0.165625 0.33425925925925926 
3.0 0.0625 0.4101851851851852 0.12291666666666666 0.3333333333333333 
3.0 0.2713541666666667 0.4337962962962963 0.24270833333333333 0.3416666666666667 
3.0 0.32864583333333336 0.49583333333333335 0.24479166666666666 0.375 
3.0 0.45208333333333334 0.4324074074074074 0.37395833333333334 0.34074074074074073 
3.0 0.5341145833333333 0.4273148148148148 0.4036458333333333 0.3490740740740741 
3.0 0.6052083333333333 0.41203703703703703 0.48125 0.3574074074074074 
3.0 0.3375 0.4009259259259259 0.25 0.3 
3.0 0.25390625 0.3638888888888889 0.20989583333333334 0.28888888888888886 
3.0 0.45208333333333334 0.5388888888888889 0.3229166666666667 0.3962962962962963 
3.0 0.40078125 0.5611111111111111 0.32447916666666665 0.4166666666666667 
