9.0 0.10755208333333334 0.32916666666666666 0.2526041666666667 0.30833333333333335 
9.0 0.35208333333333336 0.33194444444444443 0.409375 0.32314814814814813 
9.0 0.5638020833333334 0.3592592592592593 0.49947916666666664 0.3351851851851852 
3.0 0.684375 0.24722222222222223 0.48333333333333334 0.2 
3.0 0.5984375 0.2550925925925926 0.4354166666666667 0.2101851851851852 
3.0 0.5239583333333333 0.21898148148148147 0.38333333333333336 0.19722222222222222 
3.0 0.47213541666666664 0.21435185185185185 0.3453125 0.18425925925925926 
3.0 0.3125 0.21805555555555556 0.23125 0.175 
3.0 0.2955729166666667 0.24953703703703703 0.2234375 0.2064814814814815 
3.0 0.2546875 0.22175925925925927 0.19270833333333334 0.18981481481481483 
3.0 0.16432291666666668 0.18425925925925926 0.1265625 0.14814814814814814 
3.0 0.11432291666666666 0.18472222222222223 0.09322916666666667 0.14722222222222223 
3.0 0.07890625 0.17592592592592593 0.07864583333333333 0.15555555555555556 
3.0 0.06510416666666667 0.23333333333333334 0.06979166666666667 0.2 
3.0 0.03671875 0.19675925925925927 0.05260416666666667 0.1824074074074074 
